d1 = 100;
Point(1) = { -4.51328919639389E+02,  +0.00000000000000E+00, 0., d1};
Point(2) = { +4.51328919639389E+02,  +0.00000000000000E+00, 0., d1};
Point(3) = { +4.51328919639389E+02,  +8.96988216795333E+02, 0., d1};
Point(4) = { +1.82232454600789E+02,  +1.17605121757610E+03, 0., d1};
Point(5) = { +4.56312187510474E+02,  +1.17605121757610E+03, 0., d1};
Point(6) = { +4.56312187510474E+02,  +1.64447839745811E+03, 0., d1};
Point(7) = { +1.87215722471874E+02,  +1.92354139823888E+03, 0., d1};
Point(8) = { +4.61295455381559E+02,  +1.92354139823888E+03, 0., d1};
Point(9) = { +4.61295455381559E+02,  +2.39196857812089E+03, 0., d1};
Point(10) = { +1.92198990342959E+02,  +2.67103157890166E+03, 0., d1};
Point(11) = { +4.66278723252644E+02,  +2.67103157890166E+03, 0., d1};
Point(12) = { +4.66278723252644E+02,  +3.37734979701484E+03, 0., d1};
Point(13) = { +1.56795374050060E+02,  +3.64659530902700E+03, 0., d1};
Point(14) = { +6.50526742569187E+02,  +3.64659530902700E+03, 0., d1};
Point(15) = { +6.50526742569187E+02,  +4.70100754126515E+03, 0., d1};
Point(16) = { -6.50526742569187E+02,  +4.70100754126515E+03, 0., d1};
Point(17) = { -6.50526742569187E+02,  +3.64659530902700E+03, 0., d1};
Point(18) = { -1.56795374050060E+02,  +3.64659530902700E+03, 0., d1};
Point(19) = { -4.66278723252643E+02,  +3.37734979701484E+03, 0., d1};
Point(20) = { -4.66278723252643E+02,  +2.67103157890166E+03, 0., d1};
Point(21) = { -1.92198990342959E+02,  +2.67103157890166E+03, 0., d1};
Point(22) = { -4.61295455381559E+02,  +2.39196857812089E+03, 0., d1};
Point(23) = { -4.61295455381559E+02,  +1.92354139823888E+03, 0., d1};
Point(24) = { -1.87215722471874E+02,  +1.92354139823888E+03, 0., d1};
Point(25) = { -4.56312187510474E+02,  +1.64447839745811E+03, 0., d1};
Point(26) = { -4.56312187510474E+02,  +1.17605121757610E+03, 0., d1};
Point(27) = { -1.82232454600789E+02,  +1.17605121757610E+03, 0., d1};
Point(28) = { -4.51328919639389E+02,  +8.96988216795333E+02, 0., d1};
Point(29) = { +0.00000000000000E+00,  +2.85176672478470E+03, 0., d1};
Point(30) = { +3.27869186373647E+02,  +3.22720367588797E+03, 0., d1};
Point(31) = { -3.27869186373647E+02,  +3.22720367588797E+03, 0., d1};
Point(32) = { +0.00000000000000E+00,  +1.93830700856595E+03, 0., d1};
Point(33) = { +3.27869186373647E+02,  +2.31374395966922E+03, 0., d1};
Point(34) = { -3.27869186373647E+02,  +2.31374395966922E+03, 0., d1};
Point(35) = { +0.00000000000000E+00,  +1.19311618744013E+03, 0., d1};
Point(36) = { +3.27869186373647E+02,  +1.56855313854340E+03, 0., d1};
Point(37) = { -3.27869186373647E+02,  +1.56855313854340E+03, 0., d1};
Line (1) = {1, 2};
Line (2) = {2, 3};
Line (3) = {3, 4};
Line (4) = {4, 5};
Line (5) = {5, 6};
Line (6) = {6, 7};
Line (7) = {7, 8};
Line (8) = {8, 9};
Line (9) = {9, 10};
Line (10) = {10, 11};
Line (11) = {11, 12};
Line (12) = {12, 13};
Line (13) = {13, 14};
Line (14) = {14, 15};
Line (15) = {15, 16};
Line (16) = {16, 17};
Line (17) = {17, 18};
Line (18) = {18, 19};
Line (19) = {19, 20};
Line (20) = {20, 21};
Line (21) = {21, 22};
Line (22) = {22, 23};
Line (23) = {23, 24};
Line (24) = {24, 25};
Line (25) = {25, 26};
Line (26) = {26, 27};
Line (27) = {27, 28};
Line (28) = {28, 1};
Line (29) = {29, 30};
Line (30) = {30, 31};
Line (31) = {31, 29};
Line (32) = {32, 33};
Line (33) = {33, 34};
Line (34) = {34, 32};
Line (35) = {35, 36};
Line (36) = {36, 37};
Line (37) = {37, 35};

Curve Loop(1) = {21, 22, 23, 24, 25, 26, 27, 28, 1, 2, 3, 4, 5, 6, 7, 8, 9, 10, 11, 12, 13, 14, 15, 16, 17, 18, 19, 20};
//+
Curve Loop(2) = {30, 31, 29};
//+
Curve Loop(3) = {33, 34, 32};
//+
Curve Loop(4) = {36, 37, 35};
//+
Plane Surface(1) = {1, 2, 3, 4};

Field[1] = Distance;
Field[1].EdgesList = {1};  // Refine around Line 1

Field[2] = Threshold;
Field[2].IField = 1;
Field[2].LcMin = 0.05;    // finer mesh size
Field[2].LcMax = 1.0;     // coarser elsewhere
Field[2].DistMin = 0.05;
Field[2].DistMax = 0.2;

Background Field = 2;